0
98
0 0
3 3
4 5
7 7
11 14
12 15
16 17
18 21
22 24
26 26
28 27
32 33
35 35
37 98
38 99
42 101
45 103
46 104
49 109
51 113
55 116
59 119
62 122
67 124
68 125
72 129
73 132
76 134
77 135
79 136
83 138
84 141
86 143
89 148
91 149
92 153
94 155
98 156
102 157
104 159
107 161
108 162
112 163
113 167
115 169
116 170
122 172
126 173
128 176
130 179
131 181
132 184
133 187
136 189
137 190
138 193
139 195
140 198
143 200
148 201
149 203
152 206
153 207
156 208
157 209
161 210
162 213
164 215
165 216
167 217
171 221
175 224
177 225
179 229
181 232
183 236
186 238
187 239
189 240
192 242
193 243
194 244
196 246
199 247
200 254
201 258
203 260
204 262
207 266
208 269
210 270
213 272
214 273
217 275
221 277
224 280
225 281
226 287
