0
78
46 0
49 4
51 7
55 12
59 15
62 17
66 19
67 20
68 22
72 26
73 29
76 30
77 31
79 32
83 34
84 37
86 39
89 46
91 49
92 51
94 55
98 57
101 59
102 60
104 62
107 64
108 65
112 66
116 71
118 73
121 74
122 75
126 76
128 79
130 80
131 82
132 86
137 91
138 95
139 97
140 100
144 102
148 103
149 105
153 108
156 110
157 111
161 112
162 115
164 117
165 118
167 119
171 122
175 125
177 127
179 130
181 134
183 138
186 140
187 141
189 142
193 143
194 145
196 147
200 148
201 152
202 155
204 157
205 160
208 164
209 167
211 168
214 170
215 171
218 172
222 173
226 176
227 180
