0
78
40 0
42 4
45 12
49 17
51 20
52 23
54 26
55 27
58 30
62 34
63 37
67 40
71 43
73 45
75 47
76 48
79 49
80 50
81 57
85 60
88 63
91 67
95 69
99 71
103 74
106 76
107 77
109 79
112 84
113 85
117 88
119 89
123 91
129 94
130 95
131 97
132 98
137 102
138 106
140 108
141 109
142 111
146 113
150 115
151 118
153 120
155 122
159 124
161 126
163 128
166 130
170 133
172 136
176 138
180 141
184 146
187 150
188 151
190 152
194 154
198 157
199 159
200 160
201 161
203 164
204 171
207 175
210 176
211 177
212 178
216 182
220 187
222 190
225 193
228 195
231 197
232 198
233 201
